p1: [0.30986411879882814, 0.6181942568115235, -1.8683885975097658, 0.03988350043945313, -0.9403302218994142, 4.6847773208496095]
a1: [0.30986411879882814, 0.9127185677490235, -1.4189322271728517, 0.03988350043945313, -0.7424467004882813, 4.683243340063477]
p2: [0.26077673364257814, -1.0323690690673828, 1.1688933590332031, 0.03988350043945313, 0.5798447371582032, 4.759942379370117]
a2: [0.26231071442871096, -0.8375535092285157, 1.5815341905029299, 0.03988350043945313, 0.83448554765625, 4.759942379370117]
