home: [0.26231071442871096, -0.03988350043945313, 0.00613592314453125, -0.003067961572265625, -0.010737865502929688, 4.759942379370117]
video_home: [-0.20248546376953128, 1.4296700926757813, 1.2394564751953125, -1.2563302638427736, 0.8743690480957031, 4.600408377612305]
einstein_a1: [-0.25003886813964843, 1.1198059738769532, -1.0461748961425783, -0.6948932961181641, -0.417242773828125, 5.069806498168946]
einstein_p1: [0.09050486638183594, 1.5661943826416016, -0.26077673364257814, -0.11965050131835939, -0.16566992490234375, 4.787554033520508]
einstein_i1: [0.09203884716796876, 1.3483691110107423, -0.26077673364257814, -0.11965050131835939, -0.16413594411621094, 4.792155975878907]
einstein_i2: [0.7133010655517579, 1.4051264000976564, -0.26077673364257814, 1.6076118638671877, 0.05062136594238282, 4.6142142046875]
einstein_p2: [0.33594179216308595, 1.653631287451172, -0.2807184838623047, 1.6781749800292969, 0.053689327514648444, 4.393320971484376]
einstein_a2: [0.3313398498046875, 1.3207574568603517, -0.2791845030761719, 1.6797089608154299, 0.021475731005859377, 4.758408398583985]
einstein_i3: [0.33747577294921877, 1.2962137642822267, -0.2807184838623047, 0.8452234131591797, -0.08897088559570313, 4.790621995092774]
