vertical: [-1.4894953433349611, 0.07516505852050782, 0.10584467424316407, -0.015339807861328126, -0.15339807861328125, 4.566660800317383]
approach_1: [-0.4003689851806641, -0.06749515458984376, -0.3988350043945313, 0.5092816209960938, -0.14879613625488283, 4.982369593359375]
approach_2: [-0.9725438184082031, 0.10124273188476564, -0.9081166253906251, 0.826815643725586, -0.14879613625488283, 4.980835612573243]
approach_3: [-0.5829126987304688, -0.06749515458984376, -1.8852623861572266, 0.9265243948242188, -0.11965050131835939, 4.980835612573243]
approach_4: [-0.9618059529052735, 0.015339807861328126, -1.842310924145508, 0.4816699668457032, -0.15339807861328125, 4.982369593359375]
grab_approach_5: [-0.9848156646972657, 0.18407769433593751, -1.7149905188964845, 0.4816699668457032, -0.15339807861328125, 4.980835612573243]
grabbed_6: [-1.0875923773681642, 0.14419419389648439, -1.268602110131836, 0.4740000629150391, -0.15339807861328125, 5.016117170654297]
rotate_wrist_7: [-1.0753205310791016, 0.17794177119140625, -1.2716700717041016, 0.43565054326171876, -0.15339807861328125, 6.296991127075196]
lower_record_8: [-1.007825376489258, 0.42184471618652347, -1.4603497083984376, 0.6289321223144532, -0.15186409782714844, 5.809185237084962]
drop_record_9: [-0.7731263162109375, 0.36815538867187503, -1.4603497083984376, 0.8436894323730469, -0.15186409782714844, 5.714078428344727]
retreat_10: [-0.7976700087890626, -0.26231071442871096, -1.4603497083984376, 0.8467573939453126, -0.15186409782714844, 5.714078428344727]
newstuff: [0.3758252926025391, -0.00613592314453125, 0.024543692578125, -0.053689327514648444, 0.13499030917968752, 4.6663695514160155]
start: [0.10584467424316407, 0.10737865502929689, 0.14112623232421875, 0.010737865502929688, 0.1334563283935547, 4.784486071948242]
home: [0.2316310987060547, -0.03528155808105469, 0.11965050131835939, -0.07823302009277344, 0.12118448210449219, 4.594272454467774]
b2: [0.09203884716796876, -0.003067961572265625, 0.11811652053222657, 1.6275536140869142, -0.036815538867187504, 4.535981184594727]
b3: [0.026077673364257814, -0.015339807861328126, -1.8837284053710939, 1.563126421069336, -0.04448544279785156, 4.620350127832031]
b4: [-0.004601942358398438, 0.5430291982910157, -1.872990539868164, 1.4496118428955078, -0.04601942358398438, 4.549787011669922]
b5: [-0.3313398498046875, 0.5537670637939454, -1.653631287451172, 1.1658253974609376, -0.22549517556152346, 4.681709359277344]
b6: [-0.48473792841796876, 0.5276893904296875, -1.6551652682373048, 1.3683108612304689, -0.22549517556152346, 5.166447287695313]
b7: [-0.45866025505371094, 0.5292233712158203, -1.7548740193359376, 1.3790487267333986, -0.22549517556152346, 5.401146347973633]
b8post: [-0.5384272559326172, 0.46939812055664065, -1.744136153833008, 1.1075341275878907, 0.06902913537597656, 5.605165792529297]
b9: [-0.6227961991699219, 0.5031456978515625, -1.7456701346191408, 0.9725438184082031, 0.06902913537597656, 5.626641523535157]
b10: [-0.49547579392089847, 0.23469906027832033, -2.054000272631836, 0.9756117799804688, -0.0700938, 5.632777446679688]
b11: [-0.5322913327880859, 0.05215534672851563, -1.612213806225586, 1.0492428577148438, 0.06902913537597656, 5.864408545385743]
b12: [-0.5322913327880859, -0.018407769433593752, -0.6304661031005859, 1.0523108192871093, 0.06902913537597656, 5.853670679882813]
press1: [-1.3330293031494143, -0.08590292402343751, -1.6935147878906252, 0.5430291982910157, 0.07363107773437501, 5.898156122680664]
press2: [-1.3084856105712892, -0.0122718462890625, -1.8591847127929688, 0.5215534672851563, 1.1244079162353517, 5.9058260266113285]
press3: [-1.2701360909179689, 0.1825437135498047, -1.8039614044921877, 0.5031456978515625, 1.0244079162353517, 5.9058260266113285]
press4: [-1.334563283935547, -0.14419419389648439, -1.7472041154052735, 0.5046796786376954, 1.1259418970214845, 5.8996901034667975]
