measure: [-0.021475731005859377, -0.46019423583984376, 1.5048351511962892, 0.2745825607177735, 0.5890486218750001, 4.801359860595704]
home: [-0.019941750219726564, 0.16077673364257814, -0.004601942358398438, -0.21475731005859377, 0.05522330830078125, 4.629554012548828]
home2: [-0.0, 0.0, -0.0, -0.0, 0.0, 4.629554012548828]
demo_measure: [1.3054176489990235, -0.42031073540039066, 1.4388739773925783, 0.5046796786376954, 0.22549517556152346, 0.16720390568847657]
demo_measure2: [1.3453011494384766, -0.6181942568115235, 1.2547962830566408, 0.37889325417480474, 0.38502917731933595, 4.6939812055664065]
approach: [-0.003067961572265625, 1.106000146801758, -0.966407895263672, 0.032213596508789064, -0.6703496035400391, 1.553922536352539]
grasp: [0.003067961572265625, 1.6659031337402346, 0.06596117380371094, 0.03067961572265625, -0.1702718672607422, 1.5876701136474611]
lift1: [0.003067961572265625, 1.400524457739258, -0.053689327514648444, 0.032213596508789064, -0.21015536770019533, 1.5922720560058594]
lift2: [0.004601942358398438, 0.7071651424072266, -0.9526020681884766, 0.03374757729492188, -0.32060198430175785, 1.5585244787109376]
andthenbackdown: [0.00613592314453125, 1.2839419179931642, -0.6289321223144532, 0.032213596508789064, -0.41877675461425784, 1.4879613625488282]
dropoff: [0.004601942358398438, 1.5922720560058594, -0.024543692578125, 0.03374757729492188, -0.25310682971191406, 1.5447186516357423]
rev_approach: [0.009203884716796876, 1.0124273188476562, -1.2333205520507813, 0.032213596508789064, -0.8375535092285157, 1.515573016699219]
menacing: [0.053689327514648444, 0.6243301799560548, -1.6751070184570314, -1.3376312455078125, -0.9142525485351564, 3.2305635355957034]
