action_ready: [0.0, -0.6289321223144532, 1.3468351302246095, -0.29759227250976567, -0.2408349834228516, 4.8734569575439455]
propell: [0.0, -0.802913537597657, 1.3790487267333986, -0.3083301380126953, -0.9832816839111329, 4.813631706884766]
retracted: [0.0, -0.26998061835937504, 1.3790487267333986, -0.3083301380126953, -1.0507768385009766, 4.813631706884766]
